Progress=0.0, SNR=4.00, Bit Errors=43199, BER=4.004036E-003, Frame Errors=311, FER=8.855353E-002
Progress=0.0, SNR=4.25, Bit Errors=42207, BER=1.865201E-004, Frame Errors=311, FER=4.222044E-003
Progress=1.5, SNR=4.50, Bit Errors=40690, BER=2.702306E-005, Frame Errors=311, FER=2.663820E-005
