Progress=100.0, SNR=5.00, Bit Errors=5176, BER=8.424479E-002, Frame Errors=20, FER=1.000000E+000, addNum=4109466.15, mulNum=5880941.10, total_num=9990407.25, Choice Errors= 0, CWR=-1.#IND00E+000
Progress=100.0, SNR=5.00, Bit Errors=5176, BER=8.424479E-002, Frame Errors=20, FER=1.000000E+000, addNum=4109466.15, mulNum=5880941.10, total_num=9990407.25, Choice Errors= 0, CWR=-1.#IND00E+000
Progress=100.0, SNR=5.00, Bit Errors=5176, BER=8.424479E-002, Frame Errors=20, FER=1.000000E+000, addNum=4109466.15, mulNum=5880941.10, total_num=9990407.25, Choice Errors= 0, CWR=-1.#IND00E+000
