Progress=2.3, SNR=5.00, Bit Errors=1198, BER=1.593424E-002, Frame Errors=201, FER=4.277506E-002
Progress=100.0, SNR=7.00, Bit Errors= 0, BER=0.000000E+000, Frame Errors= 0, FER=0.000000E+000
