Progress=1.3, SNR=6.15, Bit Errors=3069, BER=7.583394E-007, Frame Errors=310, FER=2.895478E-005, addNum=3087.00, mulNum=3087.00, total_num=6174.00, CWR=0.000000E+000
Progress=0.0, SNR=4.50, Bit Errors=3445, BER=3.960781E-003, Frame Errors=310, FER=1.347240E-001, addNum=3087.00, mulNum=3087.00, total_num=6174.00, CWR=0.000000E+000
Progress=0.0, SNR=5.50, Bit Errors=3149, BER=5.956874E-005, Frame Errors=310, FER=2.216661E-003, addNum=3087.00, mulNum=3087.00, total_num=6174.00, CWR=0.000000E+000
