修改前：
Progress=100.0, SNR=6.00, Bit Errors=25480, BER=2.123333E-003, Frame Errors=887, FER=4.435000E-003, addNum=2348.55, mulNum=1793.54, total_num=4142.10

修改后：
Progress=100.0, SNR=6.00, Bit Errors=28558, BER=2.379833E-003, Frame Errors=483, FER=2.415000E-003, addNum=2375.88, mulNum=1967.12, total_num=4343.00



Progress=66.1, SNR=6.00, Bit Errors=1993, BER=2.512037E-004, Frame Errors=310, FER=2.344400E-003, addNum=2375.77, mulNum=1967.03, total_num=4342.80, CWR=0.000000E+000
