Progress=2.4, SNR=3.00, Bit Errors=2507, BER=4.132054E-002, Frame Errors=210, FER=8.860759E-001, addNum=38108.13, mulNum=45689.08, total_num=83797.21, Choice Errors=27, CWR=1.000000E+000
Progress=2.4, SNR=3.00, Bit Errors=2487, BER=4.081867E-002, Frame Errors=210, FER=8.823529E-001, addNum=29395.72, mulNum=37599.02, total_num=66994.74, Choice Errors=12, CWR=4.285714E-001
Progress=2.4, SNR=3.00, Bit Errors=2487, BER=4.081867E-002, Frame Errors=210, FER=8.823529E-001, addNum=29395.72, mulNum=37599.02, total_num=66994.74, Choice Errors=12, CWR=4.285714E-001
