Progress=100.0, SNR=7.0, Bit Errors= 0, BER=0.000000E+000
Progress=100.0, SNR=7.0, Bit Errors= 0, BER=0.000000E+000
